 10 50 1 51
 10 50 1 1
 10 50 1 0.5
 10 50 1 1.25
 10 50 1 1.0
 10 50 0.5 51
 10 50 0.5 1
 10 50 0.5 0.5
 10 50 0.5 1.25
 10 50 0.5 1.0
 10 50 1 51
 10 50 1 1
 10 50 1 0.5
 10 50 1 1.25
 10 50 1 1.0
 10 50 1 51
 10 50 1 1
 10 50 1 0.5
 10 50 1 1.25
 10 50 1 1.0
 10 50 1.25 51
 10 50 1.25 1
 10 50 1.25 0.5
 10 50 1.25 1.25
 10 50 1.25 1.0
 10 75 1 51
 10 75 1 1
 10 75 1 0.5
 10 75 1 1.25
 10 75 1 1.0
 10 75 0.5 51
 10 75 0.5 1
 10 75 0.5 0.5
 10 75 0.5 1.25
 10 75 0.5 1.0
 10 75 1 51
 10 75 1 1
 10 75 1 0.5
 10 75 1 1.25
 10 75 1 1.0
 10 75 1 51
 10 75 1 1
 10 75 1 0.5
 10 75 1 1.25
 10 75 1 1.0
 10 75 1.25 51
 10 75 1.25 1
 10 75 1.25 0.5
 10 75 1.25 1.25
 10 75 1.25 1.0
 10 85 1 51
 10 85 1 1
 10 85 1 0.5
 10 85 1 1.25
 10 85 1 1.0
 10 85 0.5 51
 10 85 0.5 1
 10 85 0.5 0.5
 10 85 0.5 1.25
 10 85 0.5 1.0
 10 85 1 51
 10 85 1 1
 10 85 1 0.5
 10 85 1 1.25
 10 85 1 1.0
 10 85 1 51
 10 85 1 1
 10 85 1 0.5
 10 85 1 1.25
 10 85 1 1.0
 10 85 1.25 51
 10 85 1.25 1
 10 85 1.25 0.5
 10 85 1.25 1.25
 10 85 1.25 1.0
 10 95 1 51
 10 95 1 1
 10 95 1 0.5
 10 95 1 1.25
 10 95 1 1.0
 10 95 0.5 51
 10 95 0.5 1
 10 95 0.5 0.5
 10 95 0.5 1.25
 10 95 0.5 1.0
 10 95 1 51
 10 95 1 1
 10 95 1 0.5
 10 95 1 1.25
 10 95 1 1.0
 10 95 1 51
 10 95 1 1
 10 95 1 0.5
 10 95 1 1.25
 10 95 1 1.0
 10 95 1.25 51
 10 95 1.25 1
 10 95 1.25 0.5
 10 95 1.25 1.25
 10 95 1.25 1.0
 10 100 1 51
 10 100 1 1
 10 100 1 0.5
 10 100 1 1.25
 10 100 1 1.0
 10 100 0.5 51
 10 100 0.5 1
 10 100 0.5 0.5
 10 100 0.5 1.25
 10 100 0.5 1.0
 10 100 1 51
 10 100 1 1
 10 100 1 0.5
 10 100 1 1.25
 10 100 1 1.0
 10 100 1 51
 10 100 1 1
 10 100 1 0.5
 10 100 1 1.25
 10 100 1 1.0
 10 100 1.25 51
 10 100 1.25 1
 10 100 1.25 0.5
 10 100 1.25 1.25
 10 100 1.25 1.0
 25 50 1 51
 25 50 1 1
 25 50 1 0.5
 25 50 1 1.25
 25 50 1 1.0
 25 50 0.5 51
 25 50 0.5 1
 25 50 0.5 0.5
 25 50 0.5 1.25
 25 50 0.5 1.0
 25 50 1 51
 25 50 1 1
 25 50 1 0.5
 25 50 1 1.25
 25 50 1 1.0
 25 50 1 51
 25 50 1 1
 25 50 1 0.5
 25 50 1 1.25
 25 50 1 1.0
 25 50 1.25 51
 25 50 1.25 1
 25 50 1.25 0.5
 25 50 1.25 1.25
 25 50 1.25 1.0
 25 75 1 51
 25 75 1 1
 25 75 1 0.5
 25 75 1 1.25
 25 75 1 1.0
 25 75 0.5 51
 25 75 0.5 1
 25 75 0.5 0.5
 25 75 0.5 1.25
 25 75 0.5 1.0
 25 75 1 51
 25 75 1 1
 25 75 1 0.5
 25 75 1 1.25
 25 75 1 1.0
 25 75 1 51
 25 75 1 1
 25 75 1 0.5
 25 75 1 1.25
 25 75 1 1.0
 25 75 1.25 51
 25 75 1.25 1
 25 75 1.25 0.5
 25 75 1.25 1.25
 25 75 1.25 1.0
 25 85 1 51
 25 85 1 1
 25 85 1 0.5
 25 85 1 1.25
 25 85 1 1.0
 25 85 0.5 51
 25 85 0.5 1
 25 85 0.5 0.5
 25 85 0.5 1.25
 25 85 0.5 1.0
 25 85 1 51
 25 85 1 1
 25 85 1 0.5
 25 85 1 1.25
 25 85 1 1.0
 25 85 1 51
 25 85 1 1
 25 85 1 0.5
 25 85 1 1.25
 25 85 1 1.0
 25 85 1.25 51
 25 85 1.25 1
 25 85 1.25 0.5
 25 85 1.25 1.25
 25 85 1.25 1.0
 25 95 1 51
 25 95 1 1
 25 95 1 0.5
 25 95 1 1.25
 25 95 1 1.0
 25 95 0.5 51
 25 95 0.5 1
 25 95 0.5 0.5
 25 95 0.5 1.25
 25 95 0.5 1.0
 25 95 1 51
 25 95 1 1
 25 95 1 0.5
 25 95 1 1.25
 25 95 1 1.0
 25 95 1 51
 25 95 1 1
 25 95 1 0.5
 25 95 1 1.25
 25 95 1 1.0
 25 95 1.25 51
 25 95 1.25 1
 25 95 1.25 0.5
 25 95 1.25 1.25
 25 95 1.25 1.0
 25 100 1 51
 25 100 1 1
 25 100 1 0.5
 25 100 1 1.25
 25 100 1 1.0
 25 100 0.5 51
 25 100 0.5 1
 25 100 0.5 0.5
 25 100 0.5 1.25
 25 100 0.5 1.0
 25 100 1 51
 25 100 1 1
 25 100 1 0.5
 25 100 1 1.25
 25 100 1 1.0
 25 100 1 51
 25 100 1 1
 25 100 1 0.5
 25 100 1 1.25
 25 100 1 1.0
 25 100 1.25 51
 25 100 1.25 1
 25 100 1.25 0.5
 25 100 1.25 1.25
 25 100 1.25 1.0
 50 50 1 51
 50 50 1 1
 50 50 1 0.5
 50 50 1 1.25
 50 50 1 1.0
 50 50 0.5 51
 50 50 0.5 1
 50 50 0.5 0.5
 50 50 0.5 1.25
 50 50 0.5 1.0
 50 50 1 51
 50 50 1 1
 50 50 1 0.5
 50 50 1 1.25
 50 50 1 1.0
 50 50 1 51
 50 50 1 1
 50 50 1 0.5
 50 50 1 1.25
 50 50 1 1.0
 50 50 1.25 51
 50 50 1.25 1
 50 50 1.25 0.5
 50 50 1.25 1.25
 50 50 1.25 1.0
 50 75 1 51
 50 75 1 1
 50 75 1 0.5
 50 75 1 1.25
 50 75 1 1.0
 50 75 0.5 51
 50 75 0.5 1
 50 75 0.5 0.5
 50 75 0.5 1.25
 50 75 0.5 1.0
 50 75 1 51
 50 75 1 1
 50 75 1 0.5
 50 75 1 1.25
 50 75 1 1.0
 50 75 1 51
 50 75 1 1
 50 75 1 0.5
 50 75 1 1.25
 50 75 1 1.0
 50 75 1.25 51
 50 75 1.25 1
 50 75 1.25 0.5
 50 75 1.25 1.25
 50 75 1.25 1.0
 50 85 1 51
 50 85 1 1
 50 85 1 0.5
 50 85 1 1.25
 50 85 1 1.0
 50 85 0.5 51
 50 85 0.5 1
 50 85 0.5 0.5
 50 85 0.5 1.25
 50 85 0.5 1.0
 50 85 1 51
 50 85 1 1
 50 85 1 0.5
 50 85 1 1.25
 50 85 1 1.0
 50 85 1 51
 50 85 1 1
 50 85 1 0.5
 50 85 1 1.25
 50 85 1 1.0
 50 85 1.25 51
 50 85 1.25 1
 50 85 1.25 0.5
 50 85 1.25 1.25
 50 85 1.25 1.0
 50 95 1 51
 50 95 1 1
 50 95 1 0.5
 50 95 1 1.25
 50 95 1 1.0
 50 95 0.5 51
 50 95 0.5 1
 50 95 0.5 0.5
 50 95 0.5 1.25
 50 95 0.5 1.0
 50 95 1 51
 50 95 1 1
 50 95 1 0.5
 50 95 1 1.25
 50 95 1 1.0
 50 95 1 51
 50 95 1 1
 50 95 1 0.5
 50 95 1 1.25
 50 95 1 1.0
 50 95 1.25 51
 50 95 1.25 1
 50 95 1.25 0.5
 50 95 1.25 1.25
 50 95 1.25 1.0
 50 100 1 51
 50 100 1 1
 50 100 1 0.5
 50 100 1 1.25
 50 100 1 1.0
 50 100 0.5 51
 50 100 0.5 1
 50 100 0.5 0.5
 50 100 0.5 1.25
 50 100 0.5 1.0
 50 100 1 51
 50 100 1 1
 50 100 1 0.5
 50 100 1 1.25
 50 100 1 1.0
 50 100 1 51
 50 100 1 1
 50 100 1 0.5
 50 100 1 1.25
 50 100 1 1.0
 50 100 1.25 51
 50 100 1.25 1
 50 100 1.25 0.5
 50 100 1.25 1.25
 50 100 1.25 1.0
 75 50 1 51
 75 50 1 1
 75 50 1 0.5
 75 50 1 1.25
 75 50 1 1.0
 75 50 0.5 51
 75 50 0.5 1
 75 50 0.5 0.5
 75 50 0.5 1.25
 75 50 0.5 1.0
 75 50 1 51
 75 50 1 1
 75 50 1 0.5
 75 50 1 1.25
 75 50 1 1.0
 75 50 1 51
 75 50 1 1
 75 50 1 0.5
 75 50 1 1.25
 75 50 1 1.0
 75 50 1.25 51
 75 50 1.25 1
 75 50 1.25 0.5
 75 50 1.25 1.25
 75 50 1.25 1.0
 75 75 1 51
 75 75 1 1
 75 75 1 0.5
 75 75 1 1.25
 75 75 1 1.0
 75 75 0.5 51
 75 75 0.5 1
 75 75 0.5 0.5
 75 75 0.5 1.25
 75 75 0.5 1.0
 75 75 1 51
 75 75 1 1
 75 75 1 0.5
 75 75 1 1.25
 75 75 1 1.0
 75 75 1 51
 75 75 1 1
 75 75 1 0.5
 75 75 1 1.25
 75 75 1 1.0
 75 75 1.25 51
 75 75 1.25 1
 75 75 1.25 0.5
 75 75 1.25 1.25
 75 75 1.25 1.0
 75 85 1 51
 75 85 1 1
 75 85 1 0.5
 75 85 1 1.25
 75 85 1 1.0
 75 85 0.5 51
 75 85 0.5 1
 75 85 0.5 0.5
 75 85 0.5 1.25
 75 85 0.5 1.0
 75 85 1 51
 75 85 1 1
 75 85 1 0.5
 75 85 1 1.25
 75 85 1 1.0
 75 85 1 51
 75 85 1 1
 75 85 1 0.5
 75 85 1 1.25
 75 85 1 1.0
 75 85 1.25 51
 75 85 1.25 1
 75 85 1.25 0.5
 75 85 1.25 1.25
 75 85 1.25 1.0
 75 95 1 51
 75 95 1 1
 75 95 1 0.5
 75 95 1 1.25
 75 95 1 1.0
 75 95 0.5 51
 75 95 0.5 1
 75 95 0.5 0.5
 75 95 0.5 1.25
 75 95 0.5 1.0
 75 95 1 51
 75 95 1 1
 75 95 1 0.5
 75 95 1 1.25
 75 95 1 1.0
 75 95 1 51
 75 95 1 1
 75 95 1 0.5
 75 95 1 1.25
 75 95 1 1.0
 75 95 1.25 51
 75 95 1.25 1
 75 95 1.25 0.5
 75 95 1.25 1.25
 75 95 1.25 1.0
 75 100 1 51
 75 100 1 1
 75 100 1 0.5
 75 100 1 1.25
 75 100 1 1.0
 75 100 0.5 51
 75 100 0.5 1
 75 100 0.5 0.5
 75 100 0.5 1.25
 75 100 0.5 1.0
 75 100 1 51
 75 100 1 1
 75 100 1 0.5
 75 100 1 1.25
 75 100 1 1.0
 75 100 1 51
 75 100 1 1
 75 100 1 0.5
 75 100 1 1.25
 75 100 1 1.0
 75 100 1.25 51
 75 100 1.25 1
 75 100 1.25 0.5
 75 100 1.25 1.25
 75 100 1.25 1.0
 100 50 1 51
 100 50 1 1
 100 50 1 0.5
 100 50 1 1.25
 100 50 1 1.0
 100 50 0.5 51
 100 50 0.5 1
 100 50 0.5 0.5
 100 50 0.5 1.25
 100 50 0.5 1.0
 100 50 1 51
 100 50 1 1
 100 50 1 0.5
 100 50 1 1.25
 100 50 1 1.0
 100 50 1 51
 100 50 1 1
 100 50 1 0.5
 100 50 1 1.25
 100 50 1 1.0
 100 50 1.25 51
 100 50 1.25 1
 100 50 1.25 0.5
 100 50 1.25 1.25
 100 50 1.25 1.0
 100 75 1 51
 100 75 1 1
 100 75 1 0.5
 100 75 1 1.25
 100 75 1 1.0
 100 75 0.5 51
 100 75 0.5 1
 100 75 0.5 0.5
 100 75 0.5 1.25
 100 75 0.5 1.0
 100 75 1 51
 100 75 1 1
 100 75 1 0.5
 100 75 1 1.25
 100 75 1 1.0
 100 75 1 51
 100 75 1 1
 100 75 1 0.5
 100 75 1 1.25
 100 75 1 1.0
 100 75 1.25 51
 100 75 1.25 1
 100 75 1.25 0.5
 100 75 1.25 1.25
 100 75 1.25 1.0
 100 85 1 51
 100 85 1 1
 100 85 1 0.5
 100 85 1 1.25
 100 85 1 1.0
 100 85 0.5 51
 100 85 0.5 1
 100 85 0.5 0.5
 100 85 0.5 1.25
 100 85 0.5 1.0
 100 85 1 51
 100 85 1 1
 100 85 1 0.5
 100 85 1 1.25
 100 85 1 1.0
 100 85 1 51
 100 85 1 1
 100 85 1 0.5
 100 85 1 1.25
 100 85 1 1.0
 100 85 1.25 51
 100 85 1.25 1
 100 85 1.25 0.5
 100 85 1.25 1.25
 100 85 1.25 1.0
 100 95 1 51
 100 95 1 1
 100 95 1 0.5
 100 95 1 1.25
 100 95 1 1.0
 100 95 0.5 51
 100 95 0.5 1
 100 95 0.5 0.5
 100 95 0.5 1.25
 100 95 0.5 1.0
 100 95 1 51
 100 95 1 1
 100 95 1 0.5
 100 95 1 1.25
 100 95 1 1.0
 100 95 1 51
 100 95 1 1
 100 95 1 0.5
 100 95 1 1.25
 100 95 1 1.0
 100 95 1.25 51
 100 95 1.25 1
 100 95 1.25 0.5
 100 95 1.25 1.25
 100 95 1.25 1.0
 100 100 1 51
 100 100 1 1
 100 100 1 0.5
 100 100 1 1.25
 100 100 1 1.0
 100 100 0.5 51
 100 100 0.5 1
 100 100 0.5 0.5
 100 100 0.5 1.25
 100 100 0.5 1.0
 100 100 1 51
 100 100 1 1
 100 100 1 0.5
 100 100 1 1.25
 100 100 1 1.0
 100 100 1 51
 100 100 1 1
 100 100 1 0.5
 100 100 1 1.25
 100 100 1 1.0
 100 100 1.25 51
 100 100 1.25 1
 100 100 1.25 0.5
 100 100 1.25 1.25
 100 100 1.25 1.0
